lr: 0.01,	num_e: 50,	step_s: 10,	best_acc: 92.04177856445312
lr: 0.01,	num_e: 15,	step_s: 5,	best_acc: 91.64459991455078
